Get top 25 coins by mcap
SELECT a . * , b.marketcap
FROM  `crypto-coin-detail-prog` a,  `daily-ohlcvm-prog` b
WHERE a.id = b.coinId
AND b.date =  '2017-09-30'
ORDER BY b.marketcap DESC 
LIMIT 0 , 25


Get top 100 coins by mcap
SELECT a. * , b.volume, b.marketcap
FROM  `crypto-coin-detail-prog` a,  `daily-ohlcvm-prog` b
WHERE a.id = b.coinId
AND b.date =  '2014-06-30'
ORDER BY b.marketcap DESC 
LIMIT 0 , 100


Dec 2014
SELECT a.name, b.volume, b.close, b.date
FROM  `crypto-coin-detail-prog` a,  `daily-ohlcvm-prog` b
WHERE a.id = b.coinId
AND a.id in (1,6,899,5,30,49,13,41,27,106,120,7,152,596,258,759,9,209,574,1300,210,58,455,29,117,473,140,317,382,102,551,767,118,496,24,228,487,781,1276,570,765,835,244,307,520,903,1207,259,268,448,400,168,33,587,196,131,306,1297,146,389,100,887,787,53,624,242,261,114,338,399,768,445,151,444,313,692,1080,366,217,1296,72,322,618,386,315,834,576,563,161,452,332,560,534,371,799,1265,569,494,345,110)
AND b.date =  '2014-12-31'
LIMIT 0 , 100

SELECT a.name, b.marketcap, b.close, b.date
FROM  `crypto-coin-detail-prog` a,  `daily-ohlcvm-prog` b
WHERE a.id = b.coinId
AND a.id in (1,6,899,5,30,49,13,41,27,106,120,7,152,596,258,759,9,209,574,1300,210,58,455,29,117,473,140,317,382,102,551,767,118,496,24,228,487,781,1276,570,765,835,244,307,520,903,1207,259,268,448,400,168,33,587,196,131,306,1297,146,389,100,887,787,53,624,242,261,114,338,399,768,445,151,444,313,692,1080,366,217,1296,72,322,618,386,315,834,576,563,161,452,332,560,534,371,799,1265,569,494,345,110)
AND b.date >=  '2015-03-01' AND b.date < '2015-04-01'

April 2015
SELECT a.name, b.marketcap, b.close, b.date
FROM  `crypto-coin-detail-prog` a,  `daily-ohlcvm-prog` b
WHERE a.id = b.coinId
AND a.id in (328,768,115)
AND b.date >=  '2015-03-31' AND b.date < '2015-05-01'


July 2015
SELECT a.name, b.marketcap, b.close, b.date
FROM  `crypto-coin-detail-prog` a,  `daily-ohlcvm-prog` b
WHERE a.id = b.coinId
AND a.id in (1,6,5,41,30,13,7,27,106,49,152,29,9,209,24,120,444,759,33,258,366,382,58,131,473,228,596,1276,244,10,496,487,455,951,268,210,899,587,117,781,307,1300,520,574,242,452,146,1080,170,624,259,765,25,72,102,767,85,400,448,53,110,140,569,306,882,151,199,273,325,364,114,332,679,887,1297,163,768,76,389,387,1207,494,835,472,322,100,261,118,168,206,196,890,271,1281,399,317,1265,576,74,343)
AND b.date >=  '2015-07-01' AND b.date < '2015-08-01'

Oct 2015
SELECT a.name, b.marketcap, b.close, b.date
FROM  `crypto-coin-detail-prog` a,  `daily-ohlcvm-prog` b
WHERE a.id = b.coinId
AND a.id in (1,6,5,2,30,7,41,13,49,106,27,152,29,9,120,209,24,258,759,10,146,210,58,473,233,307,244,444,228,951,199,33,366,596,382,1300,74,131,781,574,496,487,1276,455,168,25,72,268,163,273,117,1080,242,520,767,151,306,140,1297,890,259,882,110,448,899,102,441,624,296,332,452,1207,887,587,85,170,569,114,400,100,317,53,472,43,364,75,206,376,76,322,325,796,389,679,399,576,835,271,469,551)
AND b.date >=  '2015-10-01' AND b.date < '2015-11-01'

Jan 2016
SELECT a.name, b.marketcap, b.close, b.date
FROM  `crypto-coin-detail-prog` a,  `daily-ohlcvm-prog` b
WHERE a.id = b.coinId
AND a.id in (1,6,5,2,7,41,106,30,13,27,49,152,29,9,56,233,199,258,146,244,209,24,120,444,155,10,58,210,327,221,890,307,296,951,25,574,382,899,268,767,72,1300,366,455,781,835,759,473,1080,496,74,487,242,273,887,140,332,1276,151,596,33,228,117,168,110,259,131,441,828,170,520,325,624,306,376,569,448,260,587,494,53,445,364,163,100,355,85,400,963,43,679,206,472,768,1207,469,576,452,75,76)
AND b.date >=  '2016-01-01' AND b.date < '2016-02-01'

April 2016
SELECT a.name, b.marketcap, b.close, b.date
FROM  `crypto-coin-detail-prog` a,  `daily-ohlcvm-prog` b
WHERE a.id = b.coinId
AND a.id in (1,2,6,5,7,49,41,9,30,56,10,146,13,106,27,110,29,221,152,132,199,120,1080,72,1300,233,53,327,34,444,209,24,258,857,74,273,58,175,250,332,43,268,25,366,33,206,270,117,75,382,244,951,210,759,170,307,455,756,781,1207,140,163,325,1276,242,496,890,131,473,487,574,147,596,155,887,228,835,296,151,168,306,259,260,520,996,452,624,85,767,448,100,389,899,364,484,589,196,1265,632,400)
AND b.date >=  '2016-04-01' AND b.date < '2016-05-01'

July 2016
SELECT a.name, b.marketcap, b.close, b.date
FROM  `crypto-coin-detail-prog` a,  `daily-ohlcvm-prog` b
WHERE a.id = b.coinId
AND a.id in (1,2,6,5,10,7,49,41,21,27,52,9,31,221,18,30,56,43,13,106,29,120,146,25,110,152,1300,74,34,132,1080,242,53,206,327,773,117,233,58,72,209,199,139,332,24,366,759,273,382,244,781,268,185,455,325,210,951,140,170,767,307,496,102,33,887,250,258,270,142,168,444,670,228,487,131,473,260,328,373,1276,155,451,151,1207,399,271,624,857,259,890,996,175,306,520,448,963,835,79,163,574)
AND b.date >=  '2016-07-01' AND b.date < '2016-08-01'

October 2016
SELECT a.name, b.marketcap, b.close, b.date
FROM  `crypto-coin-detail-prog` a,  `daily-ohlcvm-prog` b
WHERE a.id = b.coinId
AND a.id in (1,2,6,5,9,12,7,31,49,10,52,56,41,21,13,18,146,27,30,29,120,221,43,349,781,963,1300,206,106,327,25,74,132,170,53,773,152,110,58,76,233,19,34,199,155,210,526,209,72,451,273,670,168,372,759,1080,242,205,306,270,79,244,181,24,399,139,332,140,196,131,473,268,382,250,532,33,117,185,455,398,228,217,325,85,376,1207,496,307,133,574,366,260,102,114,414,258,142,890,887,241)
AND b.date >=  '2016-10-01' AND b.date < '2016-11-01'

Jan 2017
SELECT a.name, b.marketcap, b.close, b.date
FROM  `crypto-coin-detail-prog` a,  `daily-ohlcvm-prog` b
WHERE a.id = b.coinId
AND a.id in (1,2,6,5,9,12,7,49,38,31,10,71,41,56,18,52,13,23,21,357,74,30,29,28,25,168,146,781,206,14,44,19,279,1300,96,27,170,106,327,132,43,120,233,53,58,185,155,152,221,114,242,451,375,76,199,209,72,244,759,34,131,210,372,107,1080,596,133,110,147,79,205,33,294,987,24,332,325,57,163,270,117,250,306,196,100,382,118,532,526,574,307,268,455,217,1207,281,228,496,322,273)
AND b.date >=  '2016-12-31' AND b.date < '2017-02-01'

April 2017
SELECT a.name, b.marketcap, b.close, b.date
FROM  `crypto-coin-detail-prog` a,  `daily-ohlcvm-prog` b
WHERE a.id = b.coinId
AND a.id in (1,2,7,6,5,9,12,10,38,49,44,23,34,25,71,52,45,31,18,21,187,56,41,96,29,28,74,19,16,145,43,30,13,40,106,79,27,146,58,14,152,781,1300,53,57,120,168,327,61,206,170,868,293,115,221,76,233,35,195,114,132,388,185,250,340,209,307,176,242,100,294,759,199,270,181,217,210,72,279,104,24,118,401,33,269,196,357,133,1080,244,306,539,163,399,766,131,147,375,203,451)
AND b.date >=  '2017-03-31' AND b.date < '2017-05-01'

July 2017
SELECT a.name, b.marketcap, b.close, b.date
FROM  `crypto-coin-detail-prog` a,  `daily-ohlcvm-prog` b
WHERE a.id = b.coinId
AND a.id in (1,2,6,5,12,10,7,4,9,30,19,23,14,44,29,43,31,18,71,16,13,21,38,41,78,74,56,28,25,57,49,40,51,34,72,37,52,27,187,50,84,121,96,45,53,58,278,116,115,146,106,107,35,221,224,184,79,140,260,119,149,87,1300,163,145,128,181,138,75,152,100,24,120,210,760,118,209,168,375,61,132,177,206,287,196,226,33,212,85,332,76,759,319,135,114,153,480,199,227,270)
AND b.date >=  '2017-06-30' AND b.date < '2017-08-01'


Oct 2017
SELECT a.name, b.marketcap, b.close, b.date
FROM  `crypto-coin-detail-prog` a,  `daily-ohlcvm-prog` b
WHERE a.id = b.coinId
AND a.id in (1,2,6,3,5,7,10,4,9,14,12,22,16,23,21,20,18,19,25,31,15,35,47,29,62,50,38,49,44,26,13,30,40,34,66,28,45,86,56,52,37,74,43,78,71,57,59,83,72,42,41,58,77,90,65,80,156,96,1057,278,85,51,17,94,84,75,107,79,70,53,63,143,27,87,198,115,116,111,274,113,76,121,170,138,91,81,153,142,168,1078,149,227,33,177,61,145,131,172,163,186)
AND b.date >=  '2017-09-30' AND b.date < '2017-11-01'


Dec 2017
SELECT a.name, b.marketcap, b.close, b.date
FROM  `crypto-coin-detail-prog` a,  `daily-ohlcvm-prog` b
WHERE a.id = b.coinId
AND a.id in (1,6,2,3,11,5,4,10,7,9,13,15,14,8,20,12,16,21,39,75,73,23,28,22,30,19,17,25,18,26,29,40,41,43,42,38,31,32,35,37,44,69,72,45,34,24,27,51,57,61,53,47,56,49,58,50,65,55,46,62,52,80,83,48,70,101,33,140,144,74,88,59,171,66,77,98,78,82,71,91,194,223,54,85,232,76,84,67,94,63,89,115,198,87,64,122,111,81,36,134)
AND b.date >=  '2017-12-31' AND b.date < '2018-01-14'

Top 4
SELECT a. * , b.volume, b.marketcap
FROM  `crypto-coin-detail-prog` a,  `daily-ohlcvm-prog` b
WHERE a.id = b.coinId
AND b.date =  '2016-12-31'
ORDER BY b.marketcap DESC 
LIMIT 0 , 4

Dec 2016
SELECT a.name, b.marketcap, b.close, b.date
FROM  `crypto-coin-detail-prog` a,  `daily-ohlcvm-prog` b
WHERE a.id = b.coinId
AND a.id in (1,2,6,5)
AND b.date >=  '2017-09-30' AND b.date < '2017-11-01'